ALUNO001
88.78
79.09
54.33
43
ALUNO002
57.34
42.58
54.34
78
ALUNO003
67.35
95.15
61.71
53
ALUNO004
45.86
90.03
99.91
62
ALUNO005
94.56
85.76
56.23
58
ALUNO006
67.29
56.32
71.14
72
ALUNO007
89.82
77.81
61.73
61
ALUNO008
44.18
57.93
47.76
47
ALUNO009
82.75
87.50
81.31
52
ALUNO010
45.87
100.57
90.64
62
ALUNO011
58.83
40.01
56.25
72
ALUNO012
61.35
72.05
67.78
52
ALUNO013
74.91
85.64
41.14
57
ALUNO014
96.02
79.77
89.22
49
ALUNO015
72.45
42.42
97.63
73
ALUNO016
72.02
74.22
66.66
73
ALUNO017
50.97
66.88
54.94
57
ALUNO018
54.87
84.81
84.23
79
ALUNO019
62.65
83.30
61.12
45
ALUNO020
88.08
42.61
69.28
60
ALUNO021
83.75
57.11
73.53
77
ALUNO022
77.24
92.28
66.27
40
ALUNO023
66.28
41.92
67.63
66
ALUNO024
45.63
88.48
46.94
51
ALUNO025
80.40
92.21
51.59
53
ALUNO026
97.76
68.74
65.17
63
ALUNO027
56.77
58.82
87.41
31
ALUNO028
56.22
89.85
56.94
55
ALUNO029
70.94
51.43
69.23
48
ALUNO030
86.15
91.78
90.65
63
ALUNO031
57.41
83.79
64.79
69
ALUNO032
97.80
57.98
56.74
30
ALUNO033
80.75
79.55
94.87
60
ALUNO034
85.06
48.59
85.08
44
ALUNO035
99.91
93.38
69.66
49
ALUNO036
61.87
57.91
91.36
77
ALUNO037
82.89
94.69
50.43
41
ALUNO038
64.87
53.14
74.46
76
ALUNO039
48.70
85.44
93.70
26
ALUNO040
88.74
42.87
43.03
40
ALUNO041
56.24
80.46
91.31
70
ALUNO042
77.82
66.17
73.53
74
ALUNO043
60.78
93.87
49.09
48
ALUNO044
72.88
82.16
75.03
23
ALUNO045
100.93
78.79
94.05
77
ALUNO046
94.65
53.76
49.24
67
ALUNO047
66.48
47.75
84.21
79
ALUNO048
55.60
42.30
83.06
41
ALUNO049
59.31
89.09
79.48
69
ALUNO050
83.82
88.16
72.51
39
ALUNO051
68.05
57.53
61.74
74
ALUNO052
61.97
90.84
77.07
27
ALUNO053
53.18
69.81
63.84
33
ALUNO054
91.95
58.01
75.22
58
ALUNO055
49.60
52.69
44.11
57
ALUNO056
92.17
57.69
95.91
55
ALUNO057
92.68
95.11
55.14
78
ALUNO058
53.24
74.57
79.86
32
ALUNO059
56.06
99.47
70.86
46
ALUNO060
89.62
89.34
83.31
44
ALUNO061
49.59
72.18
52.34
61
ALUNO062
74.26
58.88
76.72
21
ALUNO063
77.79
86.05
92.97
62
ALUNO064
50.80
74.09
46.01
24
ALUNO065
49.77
97.40
60.57
30
ALUNO066
60.02
64.94
45.08
65
ALUNO067
50.57
67.89
79.47
74
ALUNO068
92.72
54.26
77.61
73
ALUNO069
54.56
59.90
73.04
66
ALUNO070
82.18
97.91
48.25
46
ALUNO071
88.12
49.48
76.32
33
ALUNO072
44.98
82.71
73.49
80
ALUNO073
59.23
64.49
59.22
24
0